11862020
19677690
759112943
243033394
258433636
189924161
1208369339
31460716
1751192784
234218158
1449937084
173931871
1137884325
224064346
353266749
1690651834
184651723
220366910
268694624
528939171
399669287
242998326
303709566
191074915
209128918
269507073
233225136
231437237
1481452284
616458028
208514898
208863376
32635925
2658553576
200005728
199933095
1426806532
555481725
1592186897
1750462413
337971925
264442319
447446048
490143762
10620191
398066242
236604952
1185559223
25501745
275691706
478000343
28146240
569331442
365985498
1410869033
229011597
604445503
229671879
183424912
272035304
346767859
1960975009
1823577657
1361644753
25407187
917959002
583072067
266080738
23945411
1323907261
2085375028
49471781
225145265
864352224
1542113356
38968879
207465838
533561890
2204168661
479929336
2232501301
1138352687
604104353
274188837
1276336835
352005668
177459226
1099486549
1406454428
55301099
27324339
104790405
1900738136
8166810
33755077
274462646
512287625
189976038
10969363
692657383
195018876
1316432189
1288575233
2122305409
23128082
45705482
26752344
1116290331
25001760
780648484
203526609
334549232
236877993
1322614179
257232354
192645341
215208305
231622350
543316839
212773704
22192163
239810685
35494796
470352232
346862141
1396732279
55614490
272338251
764502137
409597139
1265937431
2689716305
569611247
329368064
40904781
287712110
1680697116
193113498
307075372
2110964315
40369074
576385064
243244991
48985070
1621112507
354016288
212581928
290648299
246751782
2009761291
237017889
43374474
368148560
182401996
1323011667
411808790
195743103
195845260
42335028
1496522955
409433960
384555347
510949070
1436282877
1464927478
1091044729
596136483
2238331148
1565836657
196040938
1391980112
300862293
334338324
2091304066
2407941639
569739009
144378586
2001029947
251390490
179457054
29760432
1452142097
145582440
249733323
1547745311
222897975
457145072
226062286
1277918534
175984031
175527085
1980103941
1549512673
436069438
1799086474
368988333
1420956011
460115035
344957155
1096043474
21720709
274395077
296904522
273075979
363858767
243858151
841109561
333896645
10967849
2030203716
52207444
2360573602
318316501
1321714907
319920253
1510194317
143906435
175324081
1527688076
292956016
334851085
513403981
248159337
146031220
209860301
192765464
362397827
296291593
185557139
319920079
244114960
387498213
236879118
403419702
327947386
380075355
363264207
55418716
20153474
555563028
44789202
2911465765
277188955
1729711927
214596610
509751784
232799869
41507453
1586544963
413450677
6214057
486392474
1021751535
255183707
413652890
261073507
6755031
473131004
378938315
1421819771
473863345
1400469621
272331799
1108064366
180115619
1069635979
2310398363
1369836560
2872630178
270049721
305657551
1185034704
310414630
35660472
1291158908
261559316
323254595
239851251
278090011
196393075
482841002
1575085630
1371718909
464423379
1542302506
1509561749
185398138
3002863501
1106814402
2037354042
515119851
1496479706
3018823599
228544086
25722853
2089397190
205958526
1299464140
2328996631
39212210
341433631
1493272761
6235397
29091127
220305659
307025397
185798281
26080579
557489482
229072263
3146174494
287685114
235498762
1115325299
241249604
2721738132
1707043113
257200151
2230051707
1408477286
3234150404
25116041
1543783877
3112993405
1503651530
3289442839
2918379874
529112285
880309313
250682943
1770625571
334280735
313034326
210318487
3248798080
35781896
1367144438
236290720
3412852757
1264104853
11500937
3468575610
3285459478
244596602
556180646
146027696
3429295056
2066586078
958730262
1908928108
3595839304
17390704
209155535
3793133551
3829020445
210744154
256226793
1598704694
22993277
175612177
2011411568
1467333594
253761888
3728728628
2208029189
55409271
273257868
3215798923
49055789
581972203
188387739
3963779866
3448831734
1194230646
260181854
331853414
21533276
41714777
369093666
203285368
770082028
44739915
22341013
311976020
3264159342
265183311
31259232
3977660648
830656134
3984831161
1828124488
29296309
6288079
303811804
483663817
229958142
232724740
21368240
2992015302
774339168
43169104
16988684
4019228521
22046911
200289538
176929425
146305264
210622795
863753086
4074125551
16905362
353482149
27439768
185375505
212824830
2015645215
1963566686
1116484049
2442269644
4113058195
489764874
3984003403
1737283480
1442376982
210511152
208991663
236783572
4184516553
144946185
359837027
23191209
8138690
4289333782
4273436476
4322639984
4325013171
42213093
182494407
212816721
4398046327
3542176679
852835460
53110673
4465758750
4257184156
1563561691
3668044658
4036615860
1651469074
3706039801
2221219552
3599615335
1580843618
2270984736
3831336807
175200194
204569971
1437642463
546626617
241304469
313081988
576567867
622759999
2259437745
3449559231
4215596380
273644737
23201711
501833803
254834946
1966830623
190821937
288740943
507231428
381958844
3944559
255680792
14395075
336510154
286354538
1041609708
395070730
1414551557
30843174
337207813
293424180
301260943
360014804
245966996
197933498
176454139
347079393
249546405
3934067
210301230
3249494679
216519307
546059457
340395413
2264961154
104980552
1531864932
186889477
374102035
473804051
1794831241
2145102444
624470506
30154884
4616126118
221501453
7497089
144597734
384950429
229123758
4617061265
104981891
476804731
22023514
1094782181
383259789
338003567
250034128
54630754
304007283
4681887951
3428030164
195443773
11015460
265009786
309670776
3803205228
3186850960
34323097
4789537901
256639257
2008939236
270679007
10961801
288798057
177955130
2017129860
4765827674
733986333
337312954
2259235131
5075266728
11489316
514530405
4744620338
248465802
10932015
37293831
4674719312
55438581
5416608596
305693956
174715859
255349566
629673678
198323736
145215299
3017879354
3615373131
1536121021
478384386
1003573554
5489514511
444616644
321491184
1346157308
15198212
1706252965
452290406
5695555284
231613425
3254033954
15622729
5866050304
361744959
2136139383
5426142001
627053631
342441981
454466356
475273275
5418661348
364840594
28739741
1509227625
222860287
305260213
2080212924
5926979083
305124997
824709324
295864564
1283604346
581413476
249896241
177562345
177416104
272426976
564502266
234715490
1110107109
242067232
216823637
352666052
2264870182
37755856
290300172
220587769
383343572
56201322
3402555707
5792252828
4764980212
2541623005
301981541
1365930864
213195049
3159642942
470139946
6396881488
278924736
6451373800
196540472
541730396
3152458967
6496443947
4482361723
206966502
5688149285
3097401648
2308431852
826290924
1696339837
6643993739
744829457
202407021
361368450
1177033631
36776567
4420147082
227413274
6647139172
1962294734
217936782
315752546
4024913121
4438340642
407824565
185731149
469024054
54416493
6857330252
6959242323
495944124
2211862094
23790562
6982353691
8682527
6721406920
22893212
6991036162
3657790723
989844633
7017084802
1934846384
6887401628
22825767
19723464
1924615963
266606710
322633073
471128519
3467736130
3667447202
27122263
281779956
36622860
24505335
193482316
174602422
224842229
1498021930
44867282
183002180
177301624
23478187
1293781714
272527008
27148747
723484260
364231530
11563518
5879067211
33491107
146001855
292372854
295720671
44229269
9866139
25186227
844932250
2024517181
564871492
185267683
457130596
231823651
475804664
292172189
181366838
313436602
6200785260
208941520
219144851
549898541
26708405
206409298
5444868039
240897926
20474009
215949705
210037680
208056863
414939332
7179302843
305194234
26854877
7234815172
7049029226
4783639361
2252854495
1421637109
252165942
453695941
863487344
192254528
30338037
7309251232
7338490932
1479473847
340440501
7415884008
2297793962
1901966896
241187958
206977652
520759172
6008171368
186226147
7338352958
6233272693
347904115
7610029731
579480901
6923667843
7462953103
415085636
3056023914
2136066242
225742012
4794714524
436860793
4260708496
187715865
2223475703
4046955106
324393
3184990442
15132914
486348249
229730560
5911541492
7726234970
7874291860
3463434422
28038318
1059124469
7315050996
345725981
6864664209
239850533
8010112963
431764019
2062261238
8183571411
402539564
900336182
488197422
30171823
6931536172
43760252
270582241
2130848563
8465166430
259610703
2878872588
504301315
213958769
8514917519
1667813408
1642115384
187998229
208488293
26526578
200121904
8943972690
703977550
8567373026
3601807
188085735
192353217
8620295338
219800894
249215485
4074360803
226585333
233899662
216236981
3480406142
512446384
6734446053
31620913
232787044
174336065
249780285
377412435
295265191
5468719823
2165573213
3264110612
181505428
214577773
265160720
8721373675
8732191854
236392689
198228253
224014390
455469198
1393487962
331714330
464281444
536260037
2324420702
2223620979
511108236
256791695
1306758928
2227376744
3967720651
145505232
18612367
861734067
1138326093
2003808778
655474609
303516057
9518572157
52329260
1188296040
1715921878
5409853658
8017160938
1528343723
3023894953
3638268897
453843762
10190302475
220085278
233807756
32280395
243525998
337829307
6850230503
214422862
1586824177
643645311
513664945
1431576693
274171942
1385197995
1735496296
1134441708
257394040
1731322686
1199380258
221732191
1257350233
6738083928
1929782992
218085160
177160538
264650018
649849112
604115977
1144627892
30553575
3212972035
410682071
292808845
633574894
8438546281
478353921
422836190
22492926
219370727
208502265
1051444108
508448981
245265789
1956302607
274559155
8074083929
4569337127
318091490
11365234747
1191014921
1500377118
8504352187
274839722
1307849472
7294450029
1574144079
255203347
9747001873
11835434633
240612906
4213556246
53467628
1463770797
10716676228
1122281491
28766282
4265061876
263318304
181586522
1806845085
12252518139
11836208494
617565849
233060677
12785008501
683680816
51510115
518618024
194508006
251476032
11606833780
810037098
509357783
414895343
12521588100
2314435319
338065225
185743242
3188779355
334710917
9242823852
472616308
13538618859
969856844
8151788422
293464589
257408713
11790312237
1749115468
259228171
345781312
1981274184
8911450
12262576748
717550500
15010721574
7309437401
2110230299
265694384
8317258834
4574223852
9392687202
1401164710
2957956446
30366269
13583229968
3216538680
1389735981
182621376
506519514
16031048759
7832409487
1721422384
18321507764
1744406827
13479052179
359285349
3017641987
372506863
8211608
2929339192
265112968
8259690
30502398
19531831111
467284194
55935002
256324828
175377294
182234515
227569541
14434566
10574412
15247981
454218142
489535841
720906413
424650844
181739148
1729676240
1518317946
33283354
428140414
208189316
184076824
17069493211
310265351
2039018489
11049688129
18676911
243520072
52713526
1426268130
493461238
23156882
1279949958
419541881
6319821573
2971092483
1333064383
295661456
185284483
283111813
22091957
198409251
53693152
244095423
13595722246
202654852
1388621877
2023796869
7076729197
409318897
2014155682
317939698
22196019853
28228406
275717280
175901491
16713601713
646547141
309827112
23288454297
